--------- Regression ---------


------- Dataset 1 (only continuous attributes) ------

----- Weights for model 1 (only using continuous) ----
Weights in last fold:
         Offset            0.04
       trestbps            0.25
           chol            0.17
        thalach           -0.35
        oldpeak             0.0

-------- Dataset 2 --------

----- Weights for model 2  ----

Weights in last fold:
         Offset           -0.02
       trestbps            0.21
           chol            0.11
        thalach           -0.27
        oldpeak            0.01
            num           -0.05
           ca=0           -0.15
           ca=1            0.05
           ca=2            0.12
           ca=3            0.06

---- Generalisation Errors (MSE) for X1 --------

   rlr_errors: [1.0221921  0.53971704 0.83154245 0.62306951 1.10236926 0.73644876
 0.64171121 0.72872611 0.82133664 0.70307056]

    ANN_errors: [1.24007571 0.97735786 1.23433816 0.79654324 1.53427207 0.76600218
 1.05166531 0.75329912 0.99103141 0.72111511]

    baseline_errors: [1.24023319 0.97705685 1.23293284 0.79435212 1.53349243 0.76623976
 1.05087803 0.75417125 0.99249492 0.72045817]

    optimal_lambdas: [15. 18. 21. 15. 19. 13. 17.  6. 12.  6.]

    optimal_h: [7. 8. 8. 8. 2. 1. 1. 3. 4. 7.]

------- Statistical Performance Comp
p_vals:
[[0.         0.00016711 0.00015952]
 [0.00016711 0.         0.07783678]
 [0.00015952 0.07783678 0.        ]]

confidence_intervals:
[[None (-0.343, -0.159) (-0.337, -0.157)]
 [(0.159, 0.343) None (-0.001, 0.009)]
 [(0.157, 0.337) (-0.009, 0.001) None]]

theta_hat:
[[ 0.      -0.25092 -0.24689]
 [ 0.25092  0.       0.00403]
 [ 0.24689 -0.00403  0.     ]]

 --------  Classification -------


p_vals:
[[0.         1.         0.02127075]
 [1.         0.         0.03515625]
 [0.02127075 0.03515625 0.        ]]

confidence_intervals:
[[None (-0.031, 0.1) (0.1, 0.568)]
 [(-0.1, 0.031) None (0.07, 0.532)]
 [(-0.568, -0.1) (-0.532, -0.07) None]]

theta_hat:
[[ 0.          0.03448276  0.34482759]
 [-0.03448276  0.          0.31034483]
 [-0.34482759 -0.31034483  0.        ]]
            


Weights of Logistic Regression model:
      
[[ 0.00528822  0.23586422  0.18621347 -0.75692092  0.77881006]]

            

RLogR_errors: [0.43333333 0.3        0.3        0.2        0.26666667 0.36666667
 0.3        0.24137931 0.27586207 0.20689655]

ANN_errors: [0.2        0.36666667 0.23333333 0.13333334 0.26666668 0.40000001
 0.33333334 0.31034482 0.34482759 0.24137931]

baseline_errors: [0.46666667 0.53333333 0.3        0.56666667 0.4        0.46666667
 0.46666667 0.44827586 0.4137931  0.55172414]

optimal_lambdas: [1.e+03 1.e-05 1.e+03 1.e+01 1.e-05 1.e+03 1.e+00 1.e-05 1.e-05 1.e-05]

optimal_h: [8. 7. 8. 8. 5. 2. 8. 9. 4. 5.]




---- Final Regression Stuff -----

                    p_vals:
[[0.         0.31415024 0.41080034]
 [0.31415024 0.         0.42347546]
 [0.41080034 0.42347546 0.        ]]

                    confidence_intervals:
[[None (-0.011, 0.004) (-0.464, 0.195)]
 [(-0.004, 0.011) None (-0.461, 0.199)]
 [(-0.195, 0.464) (-0.199, 0.461) None]]

                    theta_hat:
[[ 0.         -0.00362308 -0.13440911]
 [ 0.00362308  0.         -0.13078603]
 [ 0.13440911  0.13078603  0.        ]]
                    

    rlr_errors: [1.1157 1.016  0.7924 0.6624 0.748  0.4297 0.5562 0.6004 0.8714 0.8945]

    ANN_errors: [1.7026 1.3086 1.1798 1.1399 1.2909 0.9872 1.0804 1.1293 1.5083 1.2084]

    baseline_errors: [1.3685 1.2317 1.0006 0.7682 1.1909 0.7537 0.816  0.9239 1.0144 1.0289]

    optimal_lambdas: [10. 18. 19.  8. 14. 14. 21. 11. 20. 12.]

    optimal_h: [1. 2. 1. 1. 1. 1. 1. 1. 2. 1.]



